20250105 01 1
20250105 01 2
20250105 01 3
20250105 01 4
20250105 01 5
20250105 01 6
20250105 01 7
20250105 01 8
20250105 01 9
20250105 01 10
20250105 01 11
20250105 01 12
20250105 02 1
20250105 02 2
20250105 02 3
20250105 02 4
20250105 02 5
20250105 02 6
20250105 02 7
20250105 02 8
20250105 02 9
20250105 02 10
20250105 02 11
20250105 02 12
20250105 03 1
20250105 03 2
20250105 03 3
20250105 03 4
20250105 03 5
20250105 03 6
20250105 03 7
20250105 03 8
20250105 03 9
20250105 03 10
20250105 03 11
20250105 03 12
20250105 04 1
20250105 04 2
20250105 04 3
20250105 04 4
20250105 04 5
20250105 04 6
20250105 04 7
20250105 04 8
20250105 04 9
20250105 04 10
20250105 04 11
20250105 04 12
20250105 05 1
20250105 05 2
20250105 05 3
20250105 05 4
20250105 05 5
20250105 05 6
20250105 05 7
20250105 05 8
20250105 05 9
20250105 05 10
20250105 05 11
20250105 05 12
20250105 06 1
20250105 06 2
20250105 06 3
20250105 06 4
20250105 06 5
20250105 06 6
20250105 06 7
20250105 06 8
20250105 06 9
20250105 06 10
20250105 06 11
20250105 06 12
20250105 07 1
20250105 07 2
20250105 07 3
20250105 07 4
20250105 07 5
20250105 07 6
20250105 07 7
20250105 07 8
20250105 07 9
20250105 07 10
20250105 07 11
20250105 07 12
20250105 08 1
20250105 08 2
20250105 08 3
20250105 08 4
20250105 08 5
20250105 08 6
20250105 08 7
20250105 08 8
20250105 08 9
20250105 08 10
20250105 08 11
20250105 08 12
20250105 09 1
20250105 09 2
20250105 09 3
20250105 09 4
20250105 09 5
20250105 09 6
20250105 09 7
20250105 09 8
20250105 09 9
20250105 09 10
20250105 09 11
20250105 09 12
20250105 10 1
20250105 10 2
20250105 10 3
20250105 10 4
20250105 10 5
20250105 10 6
20250105 10 7
20250105 10 8
20250105 10 9
20250105 10 10
20250105 10 11
20250105 10 12
20250105 11 1
20250105 11 2
20250105 11 3
20250105 11 4
20250105 11 5
20250105 11 6
20250105 11 7
20250105 11 8
20250105 11 9
20250105 11 10
20250105 11 11
20250105 11 12
20250105 12 1
20250105 12 2
20250105 12 3
20250105 12 4
20250105 12 5
20250105 12 6
20250105 12 7
20250105 12 8
20250105 12 9
20250105 12 10
20250105 12 11
20250105 12 12
20250105 13 1
20250105 13 2
20250105 13 3
20250105 13 4
20250105 13 5
20250105 13 6
20250105 13 7
20250105 13 8
20250105 13 9
20250105 13 10
20250105 13 11
20250105 13 12
20250105 14 1
20250105 14 2
20250105 14 3
20250105 14 4
20250105 14 5
20250105 14 6
20250105 14 7
20250105 14 8
20250105 14 9
20250105 14 10
20250105 14 11
20250105 14 12
20250105 15 1
20250105 15 2
20250105 15 3
20250105 15 4
20250105 15 5
20250105 15 6
20250105 15 7
20250105 15 8
20250105 15 9
20250105 15 10
20250105 15 11
20250105 15 12
20250105 16 1
20250105 16 2
20250105 16 3
20250105 16 4
20250105 16 5
20250105 16 6
20250105 16 7
20250105 16 8
20250105 16 9
20250105 16 10
20250105 16 11
20250105 16 12
20250105 17 1
20250105 17 2
20250105 17 3
20250105 17 4
20250105 17 5
20250105 17 6
20250105 17 7
20250105 17 8
20250105 17 9
20250105 17 10
20250105 17 11
20250105 17 12
20250105 18 1
20250105 18 2
20250105 18 3
20250105 18 4
20250105 18 5
20250105 18 6
20250105 18 7
20250105 18 8
20250105 18 9
20250105 18 10
20250105 18 11
20250105 18 12
20250105 19 1
20250105 19 2
20250105 19 3
20250105 19 4
20250105 19 5
20250105 19 6
20250105 19 7
20250105 19 8
20250105 19 9
20250105 19 10
20250105 19 11
20250105 19 12
20250105 20 1
20250105 20 2
20250105 20 3
20250105 20 4
20250105 20 5
20250105 20 6
20250105 20 7
20250105 20 8
20250105 20 9
20250105 20 10
20250105 20 11
20250105 20 12
20250105 21 1
20250105 21 2
20250105 21 3
20250105 21 4
20250105 21 5
20250105 21 6
20250105 21 7
20250105 21 8
20250105 21 9
20250105 21 10
20250105 21 11
20250105 21 12
20250105 22 1
20250105 22 2
20250105 22 3
20250105 22 4
20250105 22 5
20250105 22 6
20250105 22 7
20250105 22 8
20250105 22 9
20250105 22 10
20250105 22 11
20250105 22 12
20250105 23 1
20250105 23 2
20250105 23 3
20250105 23 4
20250105 23 5
20250105 23 6
20250105 23 7
20250105 23 8
20250105 23 9
20250105 23 10
20250105 23 11
20250105 23 12
20250105 24 1
20250105 24 2
20250105 24 3
20250105 24 4
20250105 24 5
20250105 24 6
20250105 24 7
20250105 24 8
20250105 24 9
20250105 24 10
20250105 24 11
20250105 24 12
